n_obs=4
pearson_corr=0.4390151815874604
pearson_p_value=0.5609848184125397
ols_slope=0.07528053336490162
ols_intercept=0.06786540082845874
ols_r2=0.19273432966427084
